9.999999999996265210e-01 8.642549999998923793e-07 0.000000000000000000e+00 -8.000000000000000000e+00 -8.642549999998923793e-07 9.999999999996265210e-01 0.000000000000000000e+00 5.000000000000000000e+00 0.000000000000000000e+00 0.000000000000000000e+00 1.000000000000000000e+00 0.000000000000000000e+00
9.974525407039792624e-01 -7.133322538043961047e-02 0.000000000000000000e+00 -8.008553499999999659e+00 7.133322538043961047e-02 9.974525407039792624e-01 0.000000000000000000e+00 4.602300600000000408e+00 0.000000000000000000e+00 0.000000000000000000e+00 1.000000000000000000e+00 0.000000000000000000e+00
9.895131884785229870e-01 -1.444425485342427373e-01 0.000000000000000000e+00 -7.985007999999999662e+00 1.444425485342427373e-01 9.895131884785229870e-01 0.000000000000000000e+00 4.205747599999999586e+00 0.000000000000000000e+00 0.000000000000000000e+00 1.000000000000000000e+00 0.000000000000000000e+00
9.591422743389356187e-01 -2.829241905103450083e-01 0.000000000000000000e+00 -7.881372500000000336e+00 2.829241905103450083e-01 9.591422743389356187e-01 0.000000000000000000e+00 3.882162000000000113e+00 0.000000000000000000e+00 0.000000000000000000e+00 1.000000000000000000e+00 0.000000000000000000e+00
9.223926494138943166e-01 -3.862535440707524637e-01 0.000000000000000000e+00 -7.715421000000000085e+00 3.862535440707524637e-01 9.223926494138943166e-01 0.000000000000000000e+00 3.572243700000000022e+00 0.000000000000000000e+00 0.000000000000000000e+00 1.000000000000000000e+00 0.000000000000000000e+00
8.525393660329992906e-01 -5.226630170234466410e-01 0.000000000000000000e+00 -7.551225999999999772e+00 5.226630170234466410e-01 8.525393660329992906e-01 0.000000000000000000e+00 3.110297699999999832e+00 0.000000000000000000e+00 0.000000000000000000e+00 1.000000000000000000e+00 0.000000000000000000e+00
8.721891796085654569e-01 -4.891687183107046866e-01 0.000000000000000000e+00 -7.154354599999999564e+00 4.891687183107046866e-01 8.721891796085654569e-01 0.000000000000000000e+00 2.733609700000000142e+00 0.000000000000000000e+00 0.000000000000000000e+00 1.000000000000000000e+00 0.000000000000000000e+00
8.619484961829652070e-01 -5.069958480381517862e-01 0.000000000000000000e+00 -6.889047999999999838e+00 5.069958480381517862e-01 8.619484961829652070e-01 0.000000000000000000e+00 2.335535500000000209e+00 0.000000000000000000e+00 0.000000000000000000e+00 1.000000000000000000e+00 0.000000000000000000e+00
7.769927355903247790e-01 -6.295095621512540873e-01 0.000000000000000000e+00 -6.615761000000000003e+00 6.295095621512540873e-01 7.769927355903247790e-01 0.000000000000000000e+00 2.004251000000000005e+00 0.000000000000000000e+00 0.000000000000000000e+00 1.000000000000000000e+00 0.000000000000000000e+00
7.101051064774490662e-01 -7.040956879250509504e-01 0.000000000000000000e+00 -6.324607000000000312e+00 7.040956879250509504e-01 7.101051064774490662e-01 0.000000000000000000e+00 1.594930600000000087e+00 0.000000000000000000e+00 0.000000000000000000e+00 1.000000000000000000e+00 0.000000000000000000e+00
6.734591228753458170e-01 -7.392244651091911534e-01 0.000000000000000000e+00 -5.927661999999999765e+00 7.392244651091911534e-01 6.734591228753458170e-01 0.000000000000000000e+00 1.348685499999999982e+00 0.000000000000000000e+00 0.000000000000000000e+00 1.000000000000000000e+00 0.000000000000000000e+00
7.601258834947813847e-01 -6.497758392255579274e-01 0.000000000000000000e+00 -5.684296999999999933e+00 6.497758392255579274e-01 7.601258834947813847e-01 0.000000000000000000e+00 1.034763799999999900e+00 0.000000000000000000e+00 0.000000000000000000e+00 1.000000000000000000e+00 0.000000000000000000e+00
7.297824055008499400e-01 -6.836794867636392103e-01 0.000000000000000000e+00 -5.338628299999999882e+00 6.836794867636392103e-01 7.297824055008499400e-01 0.000000000000000000e+00 7.725487399999999560e-01 0.000000000000000000e+00 0.000000000000000000e+00 1.000000000000000000e+00 0.000000000000000000e+00
6.888950800459472390e-01 -7.248610685424400346e-01 0.000000000000000000e+00 -5.071794500000000205e+00 7.248610685424400346e-01 6.888950800459472390e-01 0.000000000000000000e+00 2.576822999999999753e-01 0.000000000000000000e+00 0.000000000000000000e+00 1.000000000000000000e+00 0.000000000000000000e+00
5.444345288327733234e-01 -8.388033403692644052e-01 0.000000000000000000e+00 -4.743445399999999701e+00 8.388033403692644052e-01 5.444345288327733234e-01 0.000000000000000000e+00 1.502903100000000103e-01 0.000000000000000000e+00 0.000000000000000000e+00 1.000000000000000000e+00 0.000000000000000000e+00
5.369760606494450306e-01 -8.435974812014338520e-01 0.000000000000000000e+00 -4.329901000000000444e+00 8.435974812014338520e-01 5.369760606494450306e-01 0.000000000000000000e+00 -1.527609099999999998e-01 0.000000000000000000e+00 0.000000000000000000e+00 1.000000000000000000e+00 0.000000000000000000e+00
4.243242826537255707e-01 -9.055102998588151486e-01 0.000000000000000000e+00 -4.133567000000000213e+00 9.055102998588151486e-01 4.243242826537255707e-01 0.000000000000000000e+00 -3.987258399999999980e-01 0.000000000000000000e+00 0.000000000000000000e+00 1.000000000000000000e+00 0.000000000000000000e+00
4.034278715160922735e-01 -9.150114493731733578e-01 0.000000000000000000e+00 -3.545869999999999855e+00 9.150114493731733578e-01 4.034278715160922735e-01 0.000000000000000000e+00 -5.631988599999999678e-01 0.000000000000000000e+00 0.000000000000000000e+00 1.000000000000000000e+00 0.000000000000000000e+00
4.706037651104937880e-01 -8.823446584321952280e-01 0.000000000000000000e+00 -3.186283599999999883e+00 8.823446584321952280e-01 4.706037651104937880e-01 0.000000000000000000e+00 -8.586888000000000298e-01 0.000000000000000000e+00 0.000000000000000000e+00 1.000000000000000000e+00 0.000000000000000000e+00
4.628404238536612536e-01 -8.864416179574169385e-01 0.000000000000000000e+00 -2.829264199999999896e+00 8.864416179574169385e-01 4.628404238536612536e-01 0.000000000000000000e+00 -8.577179999999999804e-01 0.000000000000000000e+00 0.000000000000000000e+00 1.000000000000000000e+00 0.000000000000000000e+00
3.421886964980566659e-01 -9.396312553278338697e-01 0.000000000000000000e+00 -2.907369099999999928e+00 9.396312553278338697e-01 3.421886964980566659e-01 0.000000000000000000e+00 -9.881756000000000428e-01 0.000000000000000000e+00 0.000000000000000000e+00 1.000000000000000000e+00 0.000000000000000000e+00
2.271740999757399238e-01 -9.738541617204357070e-01 0.000000000000000000e+00 -2.609718299999999935e+00 9.738541617204357070e-01 2.271740999757399238e-01 0.000000000000000000e+00 -9.597088700000000472e-01 0.000000000000000000e+00 0.000000000000000000e+00 1.000000000000000000e+00 0.000000000000000000e+00
1.043940742360738444e-01 -9.945360110445439217e-01 0.000000000000000000e+00 -2.113322999999999841e+00 9.945360110445439217e-01 1.043940742360738444e-01 0.000000000000000000e+00 -9.425810000000000022e-01 0.000000000000000000e+00 0.000000000000000000e+00 1.000000000000000000e+00 0.000000000000000000e+00
-1.131781477277034459e-01 -9.935747112708365192e-01 0.000000000000000000e+00 -1.704432799999999970e+00 9.935747112708365192e-01 -1.131781477277034459e-01 0.000000000000000000e+00 -8.507433500000000093e-01 0.000000000000000000e+00 0.000000000000000000e+00 1.000000000000000000e+00 0.000000000000000000e+00
-2.743091033326431893e-01 -9.616415734715514363e-01 0.000000000000000000e+00 -1.275156900000000038e+00 9.616415734715514363e-01 -2.743091033326431893e-01 0.000000000000000000e+00 -7.728555999999999759e-01 0.000000000000000000e+00 0.000000000000000000e+00 1.000000000000000000e+00 0.000000000000000000e+00
-4.125683624296595520e-01 -9.109266415700603137e-01 0.000000000000000000e+00 -9.719018299999999666e-01 9.109266415700603137e-01 -4.125683624296595520e-01 0.000000000000000000e+00 -5.633932400000000174e-01 0.000000000000000000e+00 0.000000000000000000e+00 1.000000000000000000e+00 0.000000000000000000e+00
-5.613015929727894759e-01 -8.276113349430449517e-01 0.000000000000000000e+00 -8.084651000000000476e-01 8.276113349430449517e-01 -5.613015929727894759e-01 0.000000000000000000e+00 -3.031051000000000162e-01 0.000000000000000000e+00 0.000000000000000000e+00 1.000000000000000000e+00 0.000000000000000000e+00
-6.454872567659047933e-01 -7.637710398757122654e-01 0.000000000000000000e+00 -6.393107000000000095e-01 7.637710398757122654e-01 -6.454872567659047933e-01 0.000000000000000000e+00 -1.054185549999999971e-01 0.000000000000000000e+00 0.000000000000000000e+00 1.000000000000000000e+00 0.000000000000000000e+00
-8.017647565113040775e-01 -5.976397537115225589e-01 0.000000000000000000e+00 -3.840785600000000133e-01 5.976397537115225589e-01 -8.017647565113040775e-01 0.000000000000000000e+00 2.344576100000000107e-01 0.000000000000000000e+00 0.000000000000000000e+00 1.000000000000000000e+00 0.000000000000000000e+00
-8.971372796492116386e-01 -4.417518550765940355e-01 0.000000000000000000e+00 -7.175876999999999950e-02 4.417518550765940355e-01 -8.971372796492116386e-01 0.000000000000000000e+00 6.428625000000000034e-01 0.000000000000000000e+00 0.000000000000000000e+00 1.000000000000000000e+00 0.000000000000000000e+00
9.250878930893258190e-01 3.797530645821730055e-01 0.000000000000000000e+00 5.136364300000000049e-02 -3.797530645821730055e-01 9.250878930893258190e-01 0.000000000000000000e+00 9.620562999999999754e-01 0.000000000000000000e+00 0.000000000000000000e+00 1.000000000000000000e+00 0.000000000000000000e+00
9.589002733015364877e-01 2.837433098105373586e-01 0.000000000000000000e+00 1.759517499999999901e-01 -2.837433098105373586e-01 9.589002733015364877e-01 0.000000000000000000e+00 1.487541100000000061e+00 0.000000000000000000e+00 0.000000000000000000e+00 1.000000000000000000e+00 0.000000000000000000e+00
9.748452865361048048e-01 2.228826312621502159e-01 0.000000000000000000e+00 2.612055999999999822e-01 -2.228826312621502159e-01 9.748452865361048048e-01 0.000000000000000000e+00 1.893990800000000085e+00 0.000000000000000000e+00 0.000000000000000000e+00 1.000000000000000000e+00 0.000000000000000000e+00
9.999970140109752936e-01 2.443761267648986765e-03 0.000000000000000000e+00 3.967223500000000014e-01 -2.443761267648986765e-03 9.999970140109752936e-01 0.000000000000000000e+00 2.131177399999999889e+00 0.000000000000000000e+00 0.000000000000000000e+00 1.000000000000000000e+00 0.000000000000000000e+00
9.815686596808095299e-01 -1.911098279325767757e-01 0.000000000000000000e+00 1.820724800000000088e-01 1.911098279325767757e-01 9.815686596808095299e-01 0.000000000000000000e+00 2.569218600000000130e+00 0.000000000000000000e+00 0.000000000000000000e+00 1.000000000000000000e+00 0.000000000000000000e+00
9.388791917584086155e-01 -3.442468057703330642e-01 0.000000000000000000e+00 5.695419999999999650e-03 3.442468057703330642e-01 9.388791917584086155e-01 0.000000000000000000e+00 3.023577700000000146e+00 0.000000000000000000e+00 0.000000000000000000e+00 1.000000000000000000e+00 0.000000000000000000e+00
8.674442356512442887e-01 -4.975344189454921073e-01 0.000000000000000000e+00 -2.753550399999999954e-01 4.975344189454921073e-01 8.674442356512442887e-01 0.000000000000000000e+00 3.307780699999999907e+00 0.000000000000000000e+00 0.000000000000000000e+00 1.000000000000000000e+00 0.000000000000000000e+00
7.722735245405509819e-01 -6.352901725146666845e-01 0.000000000000000000e+00 -4.153880999999999823e-01 6.352901725146666845e-01 7.722735245405509819e-01 0.000000000000000000e+00 3.753552200000000116e+00 0.000000000000000000e+00 0.000000000000000000e+00 1.000000000000000000e+00 0.000000000000000000e+00
7.637287673464264737e-01 -6.455372722992127610e-01 0.000000000000000000e+00 -5.895244499999999777e-01 6.455372722992127610e-01 7.637287673464264737e-01 0.000000000000000000e+00 4.151849999999999596e+00 0.000000000000000000e+00 0.000000000000000000e+00 1.000000000000000000e+00 0.000000000000000000e+00
7.474375140647639970e-01 -6.643321176705863085e-01 0.000000000000000000e+00 -9.222936000000000467e-01 6.643321176705863085e-01 7.474375140647639970e-01 0.000000000000000000e+00 4.610100300000000040e+00 0.000000000000000000e+00 0.000000000000000000e+00 1.000000000000000000e+00 0.000000000000000000e+00
-7.583609936742741198e-01 6.518347975318344867e-01 0.000000000000000000e+00 -8.340699000000000307e-01 -6.518347975318344867e-01 -7.583609936742741198e-01 0.000000000000000000e+00 4.468822000000000294e+00 0.000000000000000000e+00 0.000000000000000000e+00 1.000000000000000000e+00 0.000000000000000000e+00
6.327578992330020746e-01 -7.743496890670505950e-01 0.000000000000000000e+00 -1.407589699999999944e+00 7.743496890670505950e-01 6.327578992330020746e-01 0.000000000000000000e+00 4.928798999999999708e+00 0.000000000000000000e+00 0.000000000000000000e+00 1.000000000000000000e+00 0.000000000000000000e+00
4.753853775563822714e-01 -8.797776666894743247e-01 0.000000000000000000e+00 -1.789081799999999944e+00 8.797776666894743247e-01 4.753853775563822714e-01 0.000000000000000000e+00 5.152632699999999843e+00 0.000000000000000000e+00 0.000000000000000000e+00 1.000000000000000000e+00 0.000000000000000000e+00
3.818489558598364142e-01 -9.242247426404210930e-01 0.000000000000000000e+00 -2.224383399999999789e+00 9.242247426404210930e-01 3.818489558598364142e-01 0.000000000000000000e+00 5.505138999999999783e+00 0.000000000000000000e+00 0.000000000000000000e+00 1.000000000000000000e+00 0.000000000000000000e+00
2.753663068394465729e-01 -9.613393766290880826e-01 0.000000000000000000e+00 -2.687355800000000183e+00 9.613393766290880826e-01 2.753663068394465729e-01 0.000000000000000000e+00 5.790212600000000265e+00 0.000000000000000000e+00 0.000000000000000000e+00 1.000000000000000000e+00 0.000000000000000000e+00
2.121895809193584115e-01 -9.772285207408075713e-01 0.000000000000000000e+00 -3.172094299999999922e+00 9.772285207408075713e-01 2.121895809193584115e-01 0.000000000000000000e+00 5.843315999999999732e+00 0.000000000000000000e+00 0.000000000000000000e+00 1.000000000000000000e+00 0.000000000000000000e+00
1.807854675627877661e-01 -9.835225542498271523e-01 0.000000000000000000e+00 -3.555810999999999833e+00 9.835225542498271523e-01 1.807854675627877661e-01 0.000000000000000000e+00 5.884867700000000035e+00 0.000000000000000000e+00 0.000000000000000000e+00 1.000000000000000000e+00 0.000000000000000000e+00
5.456031384584483085e-02 -9.985104767367455336e-01 0.000000000000000000e+00 -4.066920999999999786e+00 9.985104767367455336e-01 5.456031384584483085e-02 0.000000000000000000e+00 6.196482999999999741e+00 0.000000000000000000e+00 0.000000000000000000e+00 1.000000000000000000e+00 0.000000000000000000e+00
-7.432138862968547255e-02 -9.972343411616726438e-01 0.000000000000000000e+00 -4.539674299999999718e+00 9.972343411616726438e-01 -7.432138862968547255e-02 0.000000000000000000e+00 6.176140000000000185e+00 0.000000000000000000e+00 0.000000000000000000e+00 1.000000000000000000e+00 0.000000000000000000e+00
-1.038772530964821028e-01 -9.945901247695602132e-01 0.000000000000000000e+00 -5.115757999999999583e+00 9.945901247695602132e-01 -1.038772530964821028e-01 0.000000000000000000e+00 6.168618699999999677e+00 0.000000000000000000e+00 0.000000000000000000e+00 1.000000000000000000e+00 0.000000000000000000e+00
-1.889511832781179679e-01 -9.819864817490101538e-01 0.000000000000000000e+00 -5.561748500000000206e+00 9.819864817490101538e-01 -1.889511832781179679e-01 0.000000000000000000e+00 6.212531000000000247e+00 0.000000000000000000e+00 0.000000000000000000e+00 1.000000000000000000e+00 0.000000000000000000e+00
-1.626235118119388479e-01 -9.866881946217620492e-01 0.000000000000000000e+00 -6.003184300000000029e+00 9.866881946217620492e-01 -1.626235118119388479e-01 0.000000000000000000e+00 6.049678300000000064e+00 0.000000000000000000e+00 0.000000000000000000e+00 1.000000000000000000e+00 0.000000000000000000e+00
-3.560701077817748361e-01 -9.344592438112404587e-01 0.000000000000000000e+00 -6.465868500000000019e+00 9.344592438112404587e-01 -3.560701077817748361e-01 0.000000000000000000e+00 6.023435600000000001e+00 0.000000000000000000e+00 0.000000000000000000e+00 1.000000000000000000e+00 0.000000000000000000e+00
-4.066534721260472440e-01 -9.135824831988790251e-01 0.000000000000000000e+00 -6.754017000000000159e+00 9.135824831988790251e-01 -4.066534721260472440e-01 0.000000000000000000e+00 6.049992600000000387e+00 0.000000000000000000e+00 0.000000000000000000e+00 1.000000000000000000e+00 0.000000000000000000e+00
-5.063105081586909417e-01 -8.623512447536028080e-01 0.000000000000000000e+00 -7.065231299999999770e+00 8.623512447536028080e-01 -5.063105081586909417e-01 0.000000000000000000e+00 5.803347999999999729e+00 0.000000000000000000e+00 0.000000000000000000e+00 1.000000000000000000e+00 0.000000000000000000e+00
-5.909793004671036742e-01 -8.066867213605370956e-01 0.000000000000000000e+00 -7.599024299999999954e+00 8.066867213605370956e-01 -5.909793004671036742e-01 0.000000000000000000e+00 5.725965999999999667e+00 0.000000000000000000e+00 0.000000000000000000e+00 1.000000000000000000e+00 0.000000000000000000e+00
-6.888500312023503325e-01 -7.249038794988760248e-01 0.000000000000000000e+00 -8.073202000000000211e+00 7.249038794988760248e-01 -6.888500312023503325e-01 0.000000000000000000e+00 5.405171400000000403e+00 0.000000000000000000e+00 0.000000000000000000e+00 1.000000000000000000e+00 0.000000000000000000e+00
-7.506702471283183131e-01 -6.606770618663172501e-01 0.000000000000000000e+00 -8.289576999999999529e+00 6.606770618663172501e-01 -7.506702471283183131e-01 0.000000000000000000e+00 5.091548000000000407e+00 0.000000000000000000e+00 0.000000000000000000e+00 1.000000000000000000e+00 0.000000000000000000e+00
-9.522397662307972022e-01 -3.053513183346630577e-01 0.000000000000000000e+00 -8.621439000000000519e+00 3.053513183346630577e-01 -9.522397662307972022e-01 0.000000000000000000e+00 4.681921499999999625e+00 0.000000000000000000e+00 0.000000000000000000e+00 1.000000000000000000e+00 0.000000000000000000e+00
-9.787733205813815562e-01 -2.049458145903354234e-01 0.000000000000000000e+00 -8.763446000000000069e+00 2.049458145903354234e-01 -9.787733205813815562e-01 0.000000000000000000e+00 4.330359999999999765e+00 0.000000000000000000e+00 0.000000000000000000e+00 1.000000000000000000e+00 0.000000000000000000e+00
1.382458317522246849e-01 -9.903979452740880873e-01 0.000000000000000000e+00 -8.658226000000000866e+00 9.903979452740880873e-01 1.382458317522246849e-01 0.000000000000000000e+00 4.423982600000000431e+00 0.000000000000000000e+00 0.000000000000000000e+00 1.000000000000000000e+00 0.000000000000000000e+00
-9.665659916811769614e-01 2.564179863531085846e-01 0.000000000000000000e+00 -8.570209000000000188e+00 -2.564179863531085846e-01 -9.665659916811769614e-01 0.000000000000000000e+00 4.041686999999999585e+00 0.000000000000000000e+00 0.000000000000000000e+00 1.000000000000000000e+00 0.000000000000000000e+00
-8.343081658586073424e-01 5.512983623970295621e-01 0.000000000000000000e+00 -8.494260999999999839e+00 -5.512983623970295621e-01 -8.343081658586073424e-01 0.000000000000000000e+00 3.690729099999999985e+00 0.000000000000000000e+00 0.000000000000000000e+00 1.000000000000000000e+00 0.000000000000000000e+00
-6.306121195833818138e-01 7.760981604375535303e-01 0.000000000000000000e+00 -8.211619000000000668e+00 -7.760981604375535303e-01 -6.306121195833818138e-01 0.000000000000000000e+00 3.283931299999999887e+00 0.000000000000000000e+00 0.000000000000000000e+00 1.000000000000000000e+00 0.000000000000000000e+00
-3.030149645792546975e-01 9.529857980269343942e-01 0.000000000000000000e+00 -7.766068500000000263e+00 -9.529857980269343942e-01 -3.030149645792546975e-01 0.000000000000000000e+00 3.095032699999999970e+00 0.000000000000000000e+00 0.000000000000000000e+00 1.000000000000000000e+00 0.000000000000000000e+00
-1.582141306900471112e-02 9.998748336109375412e-01 0.000000000000000000e+00 -7.275593999999999895e+00 -9.998748336109375412e-01 -1.582141306900471112e-02 0.000000000000000000e+00 3.185826300000000000e+00 0.000000000000000000e+00 0.000000000000000000e+00 1.000000000000000000e+00 0.000000000000000000e+00
1.593735175446889252e-01 9.872183557376922325e-01 0.000000000000000000e+00 -6.639633700000000083e+00 -9.872183557376922325e-01 1.593735175446889252e-01 0.000000000000000000e+00 3.215239299999999911e+00 0.000000000000000000e+00 0.000000000000000000e+00 1.000000000000000000e+00 0.000000000000000000e+00
3.934888570249915896e-01 9.193293856921825880e-01 0.000000000000000000e+00 -6.132880700000000296e+00 -9.193293856921825880e-01 3.934888570249915896e-01 0.000000000000000000e+00 3.396446699999999819e+00 0.000000000000000000e+00 0.000000000000000000e+00 1.000000000000000000e+00 0.000000000000000000e+00
6.752058430118415000e-01 7.376293578503152482e-01 0.000000000000000000e+00 -5.974014799999999958e+00 -7.376293578503152482e-01 6.752058430118415000e-01 0.000000000000000000e+00 3.717705699999999780e+00 0.000000000000000000e+00 0.000000000000000000e+00 1.000000000000000000e+00 0.000000000000000000e+00
8.882320742821288029e-01 4.593950176225975457e-01 0.000000000000000000e+00 -5.795265999999999806e+00 -4.593950176225975457e-01 8.882320742821288029e-01 0.000000000000000000e+00 4.176120000000000054e+00 0.000000000000000000e+00 0.000000000000000000e+00 1.000000000000000000e+00 0.000000000000000000e+00
-9.944414725451148351e-01 -1.052908243025172386e-01 0.000000000000000000e+00 -5.597015400000000085e+00 1.052908243025172386e-01 -9.944414725451148351e-01 0.000000000000000000e+00 4.596064000000000149e+00 0.000000000000000000e+00 0.000000000000000000e+00 1.000000000000000000e+00 0.000000000000000000e+00
-9.895378645127106410e-01 1.442734025925236641e-01 0.000000000000000000e+00 -5.742820700000000222e+00 -1.442734025925236641e-01 -9.895378645127106410e-01 0.000000000000000000e+00 5.285378500000000201e+00 0.000000000000000000e+00 0.000000000000000000e+00 1.000000000000000000e+00 0.000000000000000000e+00
-8.769868453735586433e-01 4.805143838031636361e-01 0.000000000000000000e+00 -5.989213000000000342e+00 -4.805143838031636361e-01 -8.769868453735586433e-01 0.000000000000000000e+00 5.686230700000000304e+00 0.000000000000000000e+00 0.000000000000000000e+00 1.000000000000000000e+00 0.000000000000000000e+00
-7.039161673396205909e-01 7.102830628403715707e-01 0.000000000000000000e+00 -6.153660000000000352e+00 -7.102830628403715707e-01 -7.039161673396205909e-01 0.000000000000000000e+00 6.189034499999999994e+00 0.000000000000000000e+00 0.000000000000000000e+00 1.000000000000000000e+00 0.000000000000000000e+00
-4.718360700680673259e-01 8.816862951088225708e-01 0.000000000000000000e+00 -6.481522599999999912e+00 -8.816862951088225708e-01 -4.718360700680673259e-01 0.000000000000000000e+00 6.396624000000000088e+00 0.000000000000000000e+00 0.000000000000000000e+00 1.000000000000000000e+00 0.000000000000000000e+00
-9.895894188541279335e-02 9.950915173092972354e-01 0.000000000000000000e+00 -6.993514499999999856e+00 -9.950915173092972354e-01 -9.895894188541279335e-02 0.000000000000000000e+00 6.580610799999999649e+00 0.000000000000000000e+00 0.000000000000000000e+00 1.000000000000000000e+00 0.000000000000000000e+00
1.835683123891257151e-01 9.830069555636971046e-01 0.000000000000000000e+00 -7.376209700000000424e+00 -9.830069555636971046e-01 1.835683123891257151e-01 0.000000000000000000e+00 6.673036599999999652e+00 0.000000000000000000e+00 0.000000000000000000e+00 1.000000000000000000e+00 0.000000000000000000e+00
6.813110903095165316e-01 7.319939878313603820e-01 0.000000000000000000e+00 -7.780943999999999861e+00 -7.319939878313603820e-01 6.813110903095165316e-01 0.000000000000000000e+00 6.520325999999999844e+00 0.000000000000000000e+00 0.000000000000000000e+00 1.000000000000000000e+00 0.000000000000000000e+00
8.756724766370513890e-01 4.829054914373336338e-01 0.000000000000000000e+00 -8.114848999999999535e+00 -4.829054914373336338e-01 8.756724766370513890e-01 0.000000000000000000e+00 6.284347499999999975e+00 0.000000000000000000e+00 0.000000000000000000e+00 1.000000000000000000e+00 0.000000000000000000e+00
9.553813676232945085e-01 2.953750876398404945e-01 0.000000000000000000e+00 -8.202928999999999249e+00 -2.953750876398404945e-01 9.553813676232945085e-01 0.000000000000000000e+00 5.928142499999999870e+00 0.000000000000000000e+00 0.000000000000000000e+00 1.000000000000000000e+00 0.000000000000000000e+00
9.999990094340356350e-01 1.407526535250522596e-03 0.000000000000000000e+00 -8.199828000000000117e+00 -1.407526535250522596e-03 9.999990094340356350e-01 0.000000000000000000e+00 5.948953600000000286e+00 0.000000000000000000e+00 0.000000000000000000e+00 1.000000000000000000e+00 0.000000000000000000e+00
9.997710142515833232e-01 2.139904349171585854e-02 0.000000000000000000e+00 -8.225754999999999484e+00 -2.139904349171585854e-02 9.997710142515833232e-01 0.000000000000000000e+00 5.437858000000000303e+00 0.000000000000000000e+00 0.000000000000000000e+00 1.000000000000000000e+00 0.000000000000000000e+00
9.899374104888267745e-01 -1.415059126491752250e-01 0.000000000000000000e+00 -8.292187000000000197e+00 1.415059126491752250e-01 9.899374104888267745e-01 0.000000000000000000e+00 4.917606000000000144e+00 0.000000000000000000e+00 0.000000000000000000e+00 1.000000000000000000e+00 0.000000000000000000e+00
9.559975533108514556e-01 -2.933746377307787645e-01 0.000000000000000000e+00 -8.202018000000000697e+00 2.933746377307787645e-01 9.559975533108514556e-01 0.000000000000000000e+00 4.408394000000000368e+00 0.000000000000000000e+00 0.000000000000000000e+00 1.000000000000000000e+00 0.000000000000000000e+00
9.211123969855721239e-01 -3.892967404429347189e-01 0.000000000000000000e+00 -8.109272999999999954e+00 3.892967404429347189e-01 9.211123969855721239e-01 0.000000000000000000e+00 4.002735000000000376e+00 0.000000000000000000e+00 0.000000000000000000e+00 1.000000000000000000e+00 0.000000000000000000e+00
8.535136081044950584e-01 -5.210705525938368332e-01 0.000000000000000000e+00 -7.851899000000000406e+00 5.210705525938368332e-01 8.535136081044950584e-01 0.000000000000000000e+00 3.470423199999999930e+00 0.000000000000000000e+00 0.000000000000000000e+00 1.000000000000000000e+00 0.000000000000000000e+00
8.723849728433901163e-01 -4.888194545607175701e-01 0.000000000000000000e+00 -7.502532999999999674e+00 4.888194545607175701e-01 8.723849728433901163e-01 0.000000000000000000e+00 2.941356199999999976e+00 0.000000000000000000e+00 0.000000000000000000e+00 1.000000000000000000e+00 0.000000000000000000e+00
8.400119933541070338e-01 -5.425678308020662755e-01 0.000000000000000000e+00 -7.105073499999999598e+00 5.425678308020662755e-01 8.400119933541070338e-01 0.000000000000000000e+00 2.360550200000000043e+00 0.000000000000000000e+00 0.000000000000000000e+00 1.000000000000000000e+00 0.000000000000000000e+00
7.770778696517520734e-01 -6.294044681264143737e-01 0.000000000000000000e+00 -6.864358000000000182e+00 6.294044681264143737e-01 7.770778696517520734e-01 0.000000000000000000e+00 1.996755599999999964e+00 0.000000000000000000e+00 0.000000000000000000e+00 1.000000000000000000e+00 0.000000000000000000e+00
6.395748841144945906e-01 -7.687287997791748539e-01 0.000000000000000000e+00 -6.494575000000000209e+00 7.687287997791748539e-01 6.395748841144945906e-01 0.000000000000000000e+00 1.577874500000000069e+00 0.000000000000000000e+00 0.000000000000000000e+00 1.000000000000000000e+00 0.000000000000000000e+00
6.744778801339578189e-01 -7.382950556586455049e-01 0.000000000000000000e+00 -6.025284300000000037e+00 7.382950556586455049e-01 6.744778801339578189e-01 0.000000000000000000e+00 1.165536499999999975e+00 0.000000000000000000e+00 0.000000000000000000e+00 1.000000000000000000e+00 0.000000000000000000e+00
7.393252243639205634e-01 -6.733485075495738714e-01 0.000000000000000000e+00 -5.650007699999999744e+00 6.733485075495738714e-01 7.393252243639205634e-01 0.000000000000000000e+00 9.044883999999999702e-01 0.000000000000000000e+00 0.000000000000000000e+00 1.000000000000000000e+00 0.000000000000000000e+00
7.286802567707457712e-01 -6.848540599226378145e-01 0.000000000000000000e+00 -5.312966000000000300e+00 6.848540599226378145e-01 7.286802567707457712e-01 0.000000000000000000e+00 4.532621199999999906e-01 0.000000000000000000e+00 0.000000000000000000e+00 1.000000000000000000e+00 0.000000000000000000e+00
6.210557657062553139e-01 -7.837663783826255282e-01 0.000000000000000000e+00 -4.975279999999999703e+00 7.837663783826255282e-01 6.210557657062553139e-01 0.000000000000000000e+00 1.593403399999999970e-01 0.000000000000000000e+00 0.000000000000000000e+00 1.000000000000000000e+00 0.000000000000000000e+00
5.449758629265492038e-01 -8.384517331531153861e-01 0.000000000000000000e+00 -4.476717999999999975e+00 8.384517331531153861e-01 5.449758629265492038e-01 0.000000000000000000e+00 -2.592669000000000223e-01 0.000000000000000000e+00 0.000000000000000000e+00 1.000000000000000000e+00 0.000000000000000000e+00
3.530818060213153364e-01 -9.355924530781157822e-01 0.000000000000000000e+00 -4.145702400000000232e+00 9.355924530781157822e-01 3.530818060213153364e-01 0.000000000000000000e+00 -7.004368300000000103e-01 0.000000000000000000e+00 0.000000000000000000e+00 1.000000000000000000e+00 0.000000000000000000e+00
4.225328981764617797e-01 -9.063475878263260732e-01 0.000000000000000000e+00 -3.630155999999999938e+00 9.063475878263260732e-01 4.225328981764617797e-01 0.000000000000000000e+00 -8.566614999999999647e-01 0.000000000000000000e+00 0.000000000000000000e+00 1.000000000000000000e+00 0.000000000000000000e+00
5.667538316728506498e-01 -8.238871854108074100e-01 0.000000000000000000e+00 -3.119607199999999914e+00 8.238871854108074100e-01 5.667538316728506498e-01 0.000000000000000000e+00 -1.058796800000000093e+00 0.000000000000000000e+00 0.000000000000000000e+00 1.000000000000000000e+00 0.000000000000000000e+00
4.703206847333861185e-01 -8.824955827152444199e-01 0.000000000000000000e+00 -2.530429600000000168e+00 8.824955827152444199e-01 4.703206847333861185e-01 0.000000000000000000e+00 -1.434981199999999957e+00 0.000000000000000000e+00 0.000000000000000000e+00 1.000000000000000000e+00 0.000000000000000000e+00
4.500369600550097604e-01 -8.930099297233180522e-01 0.000000000000000000e+00 -2.062574899999999989e+00 8.930099297233180522e-01 4.500369600550097604e-01 0.000000000000000000e+00 -1.454398599999999986e+00 0.000000000000000000e+00 0.000000000000000000e+00 1.000000000000000000e+00 0.000000000000000000e+00
3.415194043906012444e-01 -9.398747237928515297e-01 0.000000000000000000e+00 -2.083948100000000192e+00 9.398747237928515297e-01 3.415194043906012444e-01 0.000000000000000000e+00 -1.504014699999999927e+00 0.000000000000000000e+00 0.000000000000000000e+00 1.000000000000000000e+00 0.000000000000000000e+00
2.537643544224880143e-01 -9.672660711637403042e-01 0.000000000000000000e+00 -1.612646100000000082e+00 9.672660711637403042e-01 2.537643544224880143e-01 0.000000000000000000e+00 -1.592930299999999910e+00 0.000000000000000000e+00 0.000000000000000000e+00 1.000000000000000000e+00 0.000000000000000000e+00
1.060169178263628831e-01 -9.943643261574693915e-01 0.000000000000000000e+00 -1.224888800000000000e+00 9.943643261574693915e-01 1.060169178263628831e-01 0.000000000000000000e+00 -1.469047100000000050e+00 0.000000000000000000e+00 0.000000000000000000e+00 1.000000000000000000e+00 0.000000000000000000e+00
-7.417827757719058779e-02 -9.972449965458243248e-01 0.000000000000000000e+00 -7.862801999999999847e-01 9.972449965458243248e-01 -7.417827757719058779e-02 0.000000000000000000e+00 -1.320626999999999995e+00 0.000000000000000000e+00 0.000000000000000000e+00 1.000000000000000000e+00 0.000000000000000000e+00
-2.742792923120649373e-01 -9.616500765916845550e-01 0.000000000000000000e+00 -2.970668699999999829e-01 9.616500765916845550e-01 -2.742792923120649373e-01 0.000000000000000000e+00 -1.242736899999999922e+00 0.000000000000000000e+00 0.000000000000000000e+00 1.000000000000000000e+00 0.000000000000000000e+00
-4.305743795664375706e-01 -9.025550972993158227e-01 0.000000000000000000e+00 -6.038555999999999785e-02 9.025550972993158227e-01 -4.305743795664375706e-01 0.000000000000000000e+00 -9.818576599999999655e-01 0.000000000000000000e+00 0.000000000000000000e+00 1.000000000000000000e+00 0.000000000000000000e+00
-5.600456268931175430e-01 -8.284617648376387811e-01 0.000000000000000000e+00 2.198704200000000109e-01 8.284617648376387811e-01 -5.600456268931175430e-01 0.000000000000000000e+00 -7.493300999999999989e-01 0.000000000000000000e+00 0.000000000000000000e+00 1.000000000000000000e+00 0.000000000000000000e+00
-6.885887984220180336e-01 -7.251520300514378015e-01 0.000000000000000000e+00 4.669227599999999923e-01 7.251520300514378015e-01 -6.885887984220180336e-01 0.000000000000000000e+00 -5.630758399999999941e-01 0.000000000000000000e+00 0.000000000000000000e+00 1.000000000000000000e+00 0.000000000000000000e+00
-8.027199534505845557e-01 -5.963561656697207169e-01 0.000000000000000000e+00 6.918511400000000311e-01 5.963561656697207169e-01 -8.027199534505845557e-01 0.000000000000000000e+00 -1.622526199999999863e-01 0.000000000000000000e+00 0.000000000000000000e+00 1.000000000000000000e+00 0.000000000000000000e+00
-8.650387851553845708e-01 -5.017049931751691449e-01 0.000000000000000000e+00 9.203974999999999795e-01 5.017049931751691449e-01 -8.650387851553845708e-01 0.000000000000000000e+00 1.083188699999999977e-01 0.000000000000000000e+00 0.000000000000000000e+00 1.000000000000000000e+00 0.000000000000000000e+00
9.251369836310686656e-01 3.796334567948507766e-01 0.000000000000000000e+00 1.119665700000000097e+00 -3.796334567948507766e-01 9.251369836310686656e-01 0.000000000000000000e+00 5.394277600000000339e-01 0.000000000000000000e+00 0.000000000000000000e+00 1.000000000000000000e+00 0.000000000000000000e+00
9.566399935548507427e-01 2.912729351164901059e-01 0.000000000000000000e+00 1.185402400000000078e+00 -2.912729351164901059e-01 9.566399935548507427e-01 0.000000000000000000e+00 9.192129399999999784e-01 0.000000000000000000e+00 0.000000000000000000e+00 1.000000000000000000e+00 0.000000000000000000e+00
9.747855546860064724e-01 2.231437258259675593e-01 0.000000000000000000e+00 1.267491200000000040e+00 -2.231437258259675593e-01 9.747855546860064724e-01 0.000000000000000000e+00 1.366373300000000013e+00 0.000000000000000000e+00 0.000000000000000000e+00 1.000000000000000000e+00 0.000000000000000000e+00
9.969842730674969289e-01 7.760386108999133004e-02 0.000000000000000000e+00 1.320148799999999900e+00 -7.760386108999133004e-02 9.969842730674969289e-01 0.000000000000000000e+00 1.950399999999999912e+00 0.000000000000000000e+00 0.000000000000000000e+00 1.000000000000000000e+00 0.000000000000000000e+00
9.821772088158521319e-01 -1.879572570631471429e-01 0.000000000000000000e+00 1.224007499999999915e+00 1.879572570631471429e-01 9.821772088158521319e-01 0.000000000000000000e+00 2.194199999999999928e+00 0.000000000000000000e+00 0.000000000000000000e+00 1.000000000000000000e+00 0.000000000000000000e+00
9.465360153717090608e-01 -3.225981580918399483e-01 0.000000000000000000e+00 1.100655200000000056e+00 3.225981580918399483e-01 9.465360153717090608e-01 0.000000000000000000e+00 2.543492000000000086e+00 0.000000000000000000e+00 0.000000000000000000e+00 1.000000000000000000e+00 0.000000000000000000e+00
8.674131579593981067e-01 -4.975885985419121749e-01 0.000000000000000000e+00 7.335372599999999688e-01 4.975885985419121749e-01 8.674131579593981067e-01 0.000000000000000000e+00 2.989234000000000169e+00 0.000000000000000000e+00 0.000000000000000000e+00 1.000000000000000000e+00 0.000000000000000000e+00
8.268024296611086177e-01 -5.624924375549306133e-01 0.000000000000000000e+00 4.266597300000000148e-01 5.624924375549306133e-01 8.268024296611086177e-01 0.000000000000000000e+00 3.502094299999999993e+00 0.000000000000000000e+00 0.000000000000000000e+00 1.000000000000000000e+00 0.000000000000000000e+00
7.635302672769828103e-01 -6.457720425598643121e-01 0.000000000000000000e+00 3.241647799999999857e-01 6.457720425598643121e-01 7.635302672769828103e-01 0.000000000000000000e+00 3.740473499999999785e+00 0.000000000000000000e+00 0.000000000000000000e+00 1.000000000000000000e+00 0.000000000000000000e+00
-6.798128903965433567e-01 7.333855971115721406e-01 0.000000000000000000e+00 -1.530340900000000115e-01 -7.333855971115721406e-01 -6.798128903965433567e-01 0.000000000000000000e+00 4.003027999999999587e+00 0.000000000000000000e+00 0.000000000000000000e+00 1.000000000000000000e+00 0.000000000000000000e+00
